,Standard_beran,True_proba,Subramanian,NN_MAR,NN_MAR_with_delta,NN_two_steps,NN_two_steps_with_delta,Standard_Beran_delta_obs_only
0,0.0012989722693688894,0.0011540115733043828,0.00026600521145109506,0.01001973324267198,0.002995028268219229,0.003034531549637017,0.001095403207970137,0.00029180272530096704
1,0.00021592019112121302,0.00010901657353048511,0.0008894839332779068,0.011981998409073914,0.004196842730997355,0.001185688203785829,0.0006951900482141621,0.0005187522891203669
2,0.0012196973047644882,0.00030228475970955394,0.0020354684905779068,0.037229461495767384,0.005830641196928784,0.0015745287289517618,0.0018150046498479281,0.001823207036699821
3,0.00031965586076051453,0.00036242213681785955,0.0020651121221328802,0.008075776846540796,0.004705736096714548,0.0002795398773986718,0.0005718949454420401,0.0006412284248270972
4,0.0003256941082192646,0.00023167066474126237,0.0011186536675817872,0.00912674621041171,0.004503778078242909,0.0024280007349489693,0.0006095066492499924,0.00025182352495039167
5,0.00017531563853298451,0.00015286029085159308,0.000970359603009338,0.01433904650776363,0.0053432705314115595,0.0031501969898640354,0.0015216440206241141,0.0004631248729532793
6,0.000186068103323642,0.00015563542954869712,0.0011944560170681837,0.011671454307570963,0.003485549983262535,0.0004924587934992024,0.0007260426405089397,0.0006745487399995748
7,0.00029603271425328813,0.000222845408670287,0.001998365014838848,0.010821234213630489,0.00458214970354978,0.000981797225908146,0.001225649351327946,0.0007437249871730004
8,0.00024993488706281453,0.00011770372714672624,0.001593863293683663,0.010197939977238425,0.004074539701888844,0.00028003501313938475,0.0006017247183708331,0.0007350269914242136
9,0.00032392800899964117,0.000315727269862452,0.0020794267859832604,0.01604464712043078,0.006444885285250144,0.00032296285392080813,0.0008039660054203914,0.0007076130208459963
10,0.0005855938521465,9.072820468599159e-05,0.0005725616239948687,0.01394769316768202,0.006332552241038047,0.002593549686501033,0.002125613809030465,0.0003027352984637415
11,0.0003696641662873666,0.00017264110966912387,0.0020473005339491177,0.014852654683848995,0.006177786441587005,0.0002775061453592955,0.00040951405370869535,0.0009779926733542012
12,0.0002561633327231857,0.00037765866066119904,0.0013953634911444228,0.015483812038546256,0.004824623663905749,0.005339077565752347,0.002962129110076611,0.00038520298353997653
13,0.00012712825326459404,0.000262309920100672,0.0008143554792702716,0.007623351922311105,0.0025281520886036115,0.0015699890434473212,0.0008564322531123083,0.0003367004779827932
14,0.00020472665388280504,0.00016464462324682674,0.0007808723881356235,0.008483760141799851,0.0021184955947576235,0.0005864706811426707,0.0005089780360749641,0.00039060934314190713
15,0.0007217670970550077,0.0002038581026850262,0.0013095918217858572,0.014457726503533412,0.006706700163501456,0.0013936050769354444,0.001170188133553198,0.0005557330120259794
16,0.0011990805052926855,0.0005823685121754167,0.0043658977611520065,0.012817316701019415,0.007754235730509564,0.0018518387923783012,0.0029457070352439077,0.0024945875737398
17,0.0002831664664402143,0.00014776537375193002,0.0024107360969500913,0.009489337348706788,0.004952075987483162,0.0003994397075827744,0.0010022272813669908,0.0013171232733388424
18,0.0003856621474319104,0.00021846304221157358,0.0020726172724006954,0.0119840664439709,0.007466914841455131,0.0002389709613422497,0.00040827129245698293,0.0004553921316479618
19,0.0002654041699718283,0.0002257638905782966,0.0006185257590876688,0.010053466216917259,0.0038318473680979005,0.00012197183902196947,0.00018174101408498775,0.00030733798805027265
20,0.000795755801595443,0.0006980887209678811,0.0014712137419851663,0.00947876809414219,0.003628616792789098,0.0007560323114541088,0.0008521016574936332,0.00045174259516970284
21,0.0002697976297210734,0.00017592741297072666,0.0008846572521777163,0.012986099554249089,0.005001580738464504,0.0014306907817829473,0.0009426696543837178,0.0003581191878395332
22,0.0011463328136197273,0.0001290644540134447,0.0011218338653654941,0.00965475697263452,0.004112037408013238,0.0002655063490187338,0.000558182484562101,0.0004374745695758438
23,0.00029321455511689324,0.0003149005409929606,0.0002925445670146054,0.014526999952305341,0.0038507357626879684,0.0016779299833374524,0.00046558753875410773,0.0003092906445457653
24,0.0002639613649006938,0.00013419475449007116,0.001624950476410768,0.011538223870399888,0.003928254035935174,0.004621067458420289,0.0018380389339709745,0.0007857935686039573
25,0.002497102059514437,0.00014475489246374673,0.0017989945710855674,0.01051038123399351,0.004535219774263529,0.0015694687513238157,0.0016552642694992884,0.0018093553539196164
26,0.00015393270922498388,8.509738009844926e-05,0.0017112393893643895,0.012474375978089534,0.006710874878070926,0.0002807695615800799,0.0006972988130141398,0.0004964498016738928
27,0.0005216435796807935,0.0002542539281062803,0.00048059396668094316,0.014477154024703554,0.003863133310293425,0.00034104949359431425,0.00026043158463153626,0.00026177558227594166
28,0.0004874606724970745,0.0005233252371448342,0.00021892641219172366,0.010039733474890343,0.003057560640296892,0.012386629333209427,0.004277498860495553,0.000526516395853189
29,0.0003847245893582297,0.00024012469263928046,0.002139643367652982,0.008621486328363293,0.0039007256509133,0.0007414056109167651,0.000948914603503029,0.0009806999508494476
30,0.00010702427435769773,8.835919064033517e-05,0.0009947457557552472,0.014956104173409009,0.007860169429213824,0.0024714438156954637,0.0012254509256179045,0.00028143878044044183
31,0.00020302564578010768,0.00018902863320702045,0.0003099129426522049,0.009355850668843455,0.0029220430950775496,0.00011766422480627795,0.00015178404865474383,0.00022774574631727584
32,0.00020128728374493906,0.00016242926240593207,0.0010492031553491884,0.00892965458356932,0.004845083667156954,0.0002827451774242509,0.0002548669696593892,0.0003444966090247249
33,0.0002889036221651642,6.576230319741319e-05,0.0004587809215940076,0.010026722870964963,0.0029310313973836973,0.00047983967779173883,0.0002857992355924672,0.0001367245481773254
34,0.0001565284090013045,9.532923071954871e-05,0.0009121593403596906,0.011050002979579695,0.003948181909662608,0.005456040335851656,0.002415200304024116,8.58300571147253e-05
35,9.456682330199325e-05,8.893915169489365e-05,0.0010027354673820496,0.01167410016379725,0.0038705440938832316,0.00016444233620389501,0.00038161444628804976,0.00011456144819368329
36,0.00018202972632704332,0.00017751071160912476,0.0015285706900667424,0.010563878021878682,0.004671320722547817,0.0006171808933759602,0.0002663971411883452,0.0006072252428079336
37,0.00016517552301620724,0.00012060866671572306,0.00031395506936747556,0.014507482252262005,0.003999397485083148,0.00039275001836231073,0.0001886023652387843,0.0002234888473237425
38,0.00030386261708831405,0.00022561706523681517,0.0008300267762123858,0.010545584202723612,0.004061727295932039,0.0009241837586774173,0.0010382472853121471,0.000288384206960918
39,0.0002498605088524833,0.00011151698816792038,0.0002979081931802736,0.013971672498138821,0.003250827718647361,0.0001712983553787943,0.00017162795464546133,0.00016491030692275982
40,0.00010172897753339009,8.577899245516665e-05,0.0013263476470220749,0.010169999419040161,0.007400539485243245,0.000436816727988284,0.0033039989438076152,0.006799871174911559
41,0.0005031651766825843,0.000534581059554494,0.0017685087319943367,0.012850008744051742,0.005595985252973559,0.0010957133704102681,0.0011812700060762342,0.0007338192326285326
42,0.00023066534459199002,0.00031097381695913915,0.0004967465312567856,0.009498469858607844,0.00362178763446311,0.00021992002467371128,0.0001805805337377664,0.00017987684010538528
43,0.00020561489383612666,0.00015332673376946626,0.00041014187208535737,0.012474735890486388,0.003959358926074,0.00025148555404855803,0.00018479711104974793,0.0001946035898595387
44,0.0003037226583476315,0.00017381373347793376,0.000778300720946927,0.009752066275724502,0.002391204655235005,0.0009798872779134078,0.0003700595250035503,0.000507979125769829
45,0.0001734933535496869,0.0005537542046619966,0.001300910326383703,0.013531208677702293,0.005561802355488568,0.0005885269370579965,0.0006781319023736556,0.0012983111611997496
46,0.0003141053470480793,0.0001434802497204854,0.001462085559001589,0.01577740412988037,0.0055172260132979045,0.0008633634528745541,0.0010098528470469776,0.0005448377395833836
47,0.0002017722264775449,0.00041738055117291375,0.0006481138763627583,0.009320576342944559,0.003318793810856817,0.0010374386817083086,0.0007447444744463022,0.0002230709708983487
48,0.0001834855141070152,0.00010711227038875163,0.0018222963668071157,0.00929831074556244,0.0038337918041746466,0.0011179835974131443,0.0011326886693983507,0.0012359623371099714
49,0.00026562482930582134,0.00011903916545237546,0.00121595670860725,0.010392390866369876,0.0037551732984764078,0.0017541368025777208,0.0013439935996392663,0.0004604966188994999
50,0.00045153513477276834,0.00019489368691980938,0.0007618838228322614,0.0076109815834462784,0.002219951909508779,0.00028559184217231314,0.00047437317385132395,0.000397116901783438
51,0.002551807416293735,0.0011443258419641096,0.0009046563207599086,0.01653527198654956,0.005456383595243038,0.004174293638949988,0.0021161148783281603,0.0007496789804722918
52,0.00021298205606484275,0.00011654562700502848,0.0005454231937694695,0.012173205451262138,0.0037136127784600523,0.0001455977785291485,0.00022229596196842987,0.00023361810577466035
53,0.00039895297409950093,0.00011701894068549495,0.001835106086356899,0.011208839650167161,0.004490020415055439,0.0006120880381172039,0.0009787543225489572,0.0008649463626013927
54,0.0002713460112056624,0.0001759801893085137,0.000495454634886401,0.0077838701396098445,0.002680381907725741,0.0004719041912710654,0.00044419902630760176,0.0004500367841554859
55,0.00023196029561514165,0.00015401202929733195,0.000948085913794268,0.011658111951322214,0.003372491300887294,0.001993198152549527,0.001265554081044721,0.00023532713845485489
56,0.0006074547420451389,0.0005252437532464413,0.0025546460898933495,0.007975130633304862,0.00472621551150622,0.0015050156319834811,0.001559211607781006,0.0009075598875231379
57,0.0001621092691318437,0.0001627392311338006,0.000801221560324519,0.010310265076569729,0.0029328217894177386,0.0013801964717105692,0.00017927169187839813,0.00025410073182698144
58,0.0003113830876356611,0.0001527105656425788,0.0010155082600162935,0.00831349884898369,0.0017859805312829729,0.0013159802107537196,0.0007300344114066424,0.00201781209519037
59,0.0007014917435034059,0.00020008642635836464,0.0005465200047141107,0.010727892915814798,0.00396807471801612,0.0003512684798118815,0.0004242608259560959,0.00024193051748707905
60,0.00040337409906119617,0.00024737036579674295,0.0018341527441220122,0.0059832646206024725,0.0027283558834325333,0.00045500954215797957,0.0008663778397287422,0.0005754689834858275
61,0.00034675297769446584,9.355221502778962e-05,0.0005167167521066676,0.007531705649832613,0.0028287974887150832,0.00036545832514303135,0.0001583236858615314,0.00028920811181920293
62,0.00029057866421589506,0.0002600337068005664,0.0020895185334489285,0.017313440718238707,0.005297894647821484,0.0017966302798330218,0.001688590100637551,0.00052187687003396
63,0.0005538555133526538,0.0002334442691875983,0.003195236344556208,0.014305045148577623,0.0061540391296694965,0.0033919771425533402,0.002698806980136023,0.001464105633412318
64,0.0005243562834343203,0.00014922886065841102,0.0017299473596923739,0.012457004069663463,0.0037780581945675157,0.0011091210641389212,0.0009817495014167094,0.0023496315462381645
65,0.0003626331196687632,0.00018579926433670183,0.0004090419274121514,0.011668906059255229,0.0033429463795016613,0.0016507207248546445,0.00038137532475223713,0.000392817379518338
66,0.00018522010828039056,0.0001860973180158823,0.000403155913737494,0.009872661555079144,0.0031704248673046134,0.0003894810276454678,0.0004562363929451334,0.00023544819641232914
67,0.0003091956693414499,0.00016798539649925378,0.0007361867135329456,0.01304361536140597,0.004801571609585944,0.00021089027442497632,0.0003320098343923922,0.0003625813942496774
68,0.0002352439021654877,0.000147781564417086,0.001435567672933081,0.0067265554618499935,0.004102506205269205,0.0015688557236116923,0.00013499637765693726,0.0005833960713560231
69,0.00042139486716870713,0.00023054728079488834,0.0015031366843239527,0.009844989409414327,0.0032808711690169145,0.0029086127025527027,0.0016926831972524606,0.0012831455747900767
70,0.00022399906488042155,0.0001362822304232981,0.00154783034813666,0.010294549693149852,0.004151647954343748,0.0006336010316228851,0.0007720228034939298,0.00035442284648415275
71,0.0001552361313348225,9.40452558735254e-05,0.0009441736495980524,0.011137576602146504,0.004631064744519481,0.00015955037653653104,0.0002706578711470236,0.0003544372196148445
72,0.00032836265827778326,0.00010234660648477429,0.0007081341136337871,0.012196893177305693,0.003679715840861864,0.0002620189002380499,0.0003097803636921611,0.0002453007093159449
73,0.00037481065449999006,0.0001575511147284785,0.00031360529033235945,0.015966805974173447,0.004475759121117141,0.0003078396440034711,0.0001409055926689391,0.0004915582503525667
74,0.00014632126697070147,0.00021511714454353358,0.0010647458784285066,0.011134450911698224,0.005691232714270611,0.0032903614363734442,0.004487785490515777,0.0005845798770316387
75,0.00020553407326091627,0.00011623244373642111,0.0012137263705086045,0.00938987109231141,0.0026752763243116907,0.0001741736723072931,0.0005693535746882067,0.00015797997372074055
76,0.00019624847511187066,0.00012645154483699835,0.0008932939485389627,0.009262016228985346,0.003784028739293767,0.001492567330896633,0.001041980735723689,0.0001534603388429131
77,0.0002477790662258082,0.0001677051844726304,0.0006242784041186774,0.012879804357751974,0.004670676137168973,0.0017564322968420154,0.0002076293242510372,0.0002413891319472083
78,0.0003979924392051821,8.84373651726344e-05,0.0006943627817173803,0.012942922504575773,0.005123466266523441,0.00056317889725889,0.00015953901473406013,0.00031425315154679634
79,0.000358310492023123,0.00022665347275168602,0.0015356351373547077,0.01273718434486365,0.004901907166462279,0.0007622930178968351,0.0009886741934831587,0.0007532890833763144
80,0.00042980169586253464,0.00039496395050444427,0.0008182183106200111,0.012858553465335657,0.00753038494728325,0.0009312071044756383,0.0007004122366322328,0.00037109920695376994
81,0.0004466886487059507,0.00024703320038397636,0.0002718464241453468,0.012067084610176273,0.002559407671039508,0.001145793580640272,0.00038075782843255374,0.0008322834012859096
82,0.00022645464168821156,0.00015022641911610873,0.0004923934191251112,0.025036178958921497,0.0036819834935264283,0.00045482619863871976,0.00031141783812520143,0.0006288162641859777
83,0.0002981956297822393,0.00028052597683638083,0.0016737407771333437,0.014801792369768302,0.004176522147680678,0.0010649065369722679,0.0013434163162915438,0.0005738182754298275
84,0.00024583599415162,6.0013130528189714e-05,0.002635434157657885,0.016635442658526952,0.00939552418891936,0.004742540281026396,0.002808501147660624,0.0006362006086645692
85,0.0003772352812529384,0.0002582588418033006,0.0009003245570003903,0.013229525510003972,0.003859267471781443,0.0013888522447224523,0.0008510316094911098,0.0004889822421294944
86,0.0005669562198680289,0.00019526206604307447,0.0017871910668060145,0.011890193168068917,0.004753668184901282,0.0014203883278807463,0.0014110550083860174,0.000803185843364863
87,0.00022322854438059115,0.00017863791972120785,0.0007573655853473299,0.006590012366066162,0.0023044873464997634,0.00017137042100251473,0.0002801550725433362,0.00036852622442624076
88,0.0015568530040234924,0.0002424795006629942,0.0007533932779947956,0.01456353984586724,0.00412746198238395,0.001314824685741537,0.000794637773664525,0.0004679054299759923
89,0.00021916653218523403,6.196768927964008e-05,0.00022838753630852443,0.007527753061511726,0.0018005703082315657,0.00016583202030411148,7.766639650798612e-05,0.0003068422322119175
90,0.0003794062919632232,0.0002246680576110798,0.0010484996156086106,0.01585070091007484,0.003426169065303094,0.0013288314471104098,0.0008884278993336897,0.00023210530379602607
91,0.00024380348388801127,8.630846242804258e-05,0.0008174914117104779,0.015470322788711197,0.0045417346642656715,0.0008488694539579417,0.0006094916676694363,0.000337129807130752
92,0.0003052295538874165,0.0002669011835104023,0.0009278080346680777,0.00843896473254511,0.0027144592929218485,0.0007610693066871565,0.0002891208315963378,0.0004610131110191105
93,0.0001269175956950273,9.148147356932784e-05,0.000360311299743431,0.008005896313385597,0.001858176754131376,0.0010560413206510562,0.0004449633464045798,0.0010433745506016358
94,0.00025509698472596316,0.0001694082928328643,0.001343275401107979,0.008903754278965397,0.0033512631457047184,0.00017754696574420674,0.00038201887363810877,0.0006538429937087255
95,0.0002807037561531275,8.391279527859616e-05,0.002896161247230975,0.013926106470219765,0.006451152030040569,0.0001349117745094167,0.0007484091590147645,0.0018094805646387902
96,0.0015658560452235966,0.000790743603100256,0.00670003123191835,0.016532337239690078,0.012081168002628817,0.003553851966426823,0.005427561615780045,0.0023102953241616983
97,0.0005054891749582544,0.0004796484503405037,0.0014153916542457593,0.01311189968022025,0.005690090475183216,0.010908284307804746,0.004746274187014488,0.0007626134389223344
98,0.00020535372784392505,9.98659383690046e-05,0.0007415050518669485,0.010051973195813725,0.0036893843887302515,0.00014963095558291368,0.00018831868048342908,0.00024641388874798874
99,0.0009665006254313805,0.00020265016467826635,0.0022243631756746203,0.01471355334563861,0.006034697480035896,0.00117735150071585,0.0015155619654796104,0.0009047830390684068
100,0.0009555217442091115,0.0006774432080345011,0.0036902479039897383,0.013683771134112123,0.006594579470320966,0.003836513789121783,0.0033054110330184203,0.0026712825823119097
101,0.0002917857059781428,0.00021667310353143306,0.000624319002443608,0.03130181211507482,0.012666021954073731,0.00029006961058068606,0.00033104981299937814,0.0004478356219732176
102,0.00038295229550387613,0.0002203313097285556,0.00042286532631365256,0.011596348580554316,0.0034556818969634674,0.0005284192388362637,0.00032778502665646765,0.0003019046074501644
103,0.00023032346813335548,0.000247374248323498,0.0013162101037183978,0.01289292501277584,0.004733502966258331,0.000950063776765855,0.0009431056084684891,0.0005029490125381264
104,0.00011083695999670064,5.67251182435687e-05,0.0006567269254172101,0.013907714677528842,0.007023714416815136,0.010113076432708392,0.00244738236556828,0.00023831587539406045
105,0.0002768643583624197,0.00018999326650212192,0.0018312625923609031,0.012088816136593754,0.005756698082188208,0.0002623257934511527,0.00048215618392066675,0.00037181088763519785
106,0.00014876909795996621,5.993437761548889e-05,0.0024862571372059133,0.012716466473934904,0.007096915463500444,0.001767429201382225,0.0017841388864668784,0.0009716762734353157
107,0.0006405717700705624,0.0004910739314819114,0.0029625832713158964,0.008041884835959698,0.004274315788414362,0.002908937460552345,0.0025954087506860108,0.0022397869673939
108,0.00013745813527072032,0.00017248985260309333,0.0005066215964358282,0.009188990320469386,0.0026945285738795605,0.00028355786407158136,0.00015242597598107735,0.0002275388602867251
109,0.0003241590096355605,0.00046470534704015187,0.0006426545532610659,0.007442367605986777,0.002011198897614731,0.0006987698347807971,0.000294494178633896,0.0004236674083513253
110,0.0002838123967462099,0.0005577016311983699,0.0005053543813629115,0.02774804585421769,0.004002572069232163,0.00042605947881929856,0.00037972338609460274,0.0003488902468361879
111,0.00013331266893098738,0.00012500334248376335,0.0009504692136190442,0.008809077581234887,0.0041427618190559064,0.00023298242796308664,0.0005672033482763315,0.0003928860450525675
112,0.0007921085646510163,0.000364409181413118,0.0013909694883061695,0.008576842208765027,0.005504529986599339,0.0005986456569053801,0.001530878816610938,0.001156909976931243
113,0.0004061668465835729,0.000239653189757927,0.0010903306225309355,0.013382029946311692,0.0035891803641765504,0.0003230713524192963,0.0005197859892484435,0.0004448885752663435
114,0.00010613594574591135,0.00027817933285177986,0.0008853984577361862,0.010770757813201814,0.0035173305291206405,0.005956173066844754,0.002860218668242577,0.00031807036099193973
115,0.0006340397724028684,0.00018760972720064786,0.0008735530971549931,0.009938736815597378,0.004262761916467928,0.0005519477277824503,0.0005767179394761595,0.0010398542231850473
116,0.00015209136690032051,6.359568333487111e-05,0.0010415313910688683,0.0151644099934619,0.004150745125999797,0.0007256616074570369,0.000926191926924473,0.0004571942673490271
117,0.00012215017624580445,0.00025211767162195423,0.0009659059514255088,0.024512283870673432,0.008941789717017359,0.0068637640488831584,0.0038526863234862327,0.0002061108705075948
118,0.00023433061656776477,0.00019516967513090122,0.0008937236540265803,0.009547738377952572,0.004780747174453238,0.002184047897479823,0.0007732079562327906,0.0008163865266638872
119,0.0005405965725056929,0.0002722717528796515,0.0004698868555802921,0.009427673509353604,0.0031067547095356175,0.00046548926381570537,0.00029378757871433177,0.0006937113547194198
120,0.0001962870932638221,0.000225695382298217,0.0005338513945509023,0.006349799345041877,0.00205343384295895,0.0005902267218861335,0.0003633841503614375,0.00028279004016037735
121,0.000492350586390435,0.001014024242487965,0.0018012624365850334,0.01011143799738351,0.005725952724174122,0.002335971947031985,0.0008346100523202367,0.00090750839840438
122,0.0009903886001864123,0.0002702511139920029,0.0014417745138050866,0.011721806194664853,0.003742844458973346,0.0021266526147175418,0.0013732604408032071,0.0009512786895375787
123,0.0069269612435600035,0.00021714414013321277,0.0015384872801192482,0.010469661550725743,0.003816849772597682,0.0006390629080291941,0.001984928385394414,0.0007806132087868054
124,0.00019859577327407192,0.0001741007961908093,0.0009452931244410815,0.011648893292002895,0.0034282550078836693,0.00035227998170422236,0.00039082409134133295,0.0002840362670253714
125,0.0006145753722190589,0.00025489339250930144,0.001784054815023935,0.008306567593399768,0.005366817493008697,0.0040235636368582415,0.002230014147468778,0.0005886346847827286
126,0.00011481940856991885,0.00022300454577620486,0.0016619748062650377,0.011024556487086213,0.0038710166746804683,0.000523236134294181,0.0007596899040218008,0.0007025167150324813
127,0.00013013787515816382,0.00014001699268273682,0.0004933625545077266,0.012153712140820621,0.0025576182034592267,0.0005290207361473515,0.0002118401709550096,0.00017325540797347974
128,0.00038552406303896884,0.00019380373719461437,0.0007801944282119835,0.009252892026234466,0.002960850722229703,0.0008110028168496332,0.0001995256025856727,0.00018610493285958502
129,0.0002102807594950303,0.0001103669119316981,0.001004428386585396,0.010861170492300282,0.00373548946709004,0.00025110069248640993,0.00015602886570491363,0.00016222867426566646
130,0.00037766335771862125,0.0002485935328457273,0.0013435598782437004,0.015328108068368328,0.00569680755242719,0.00028151392520945685,0.0002821920907836781,0.00028581353659919595
131,0.001343606645184267,0.00017426557625190917,0.0006815463722795636,0.011595037540748337,0.004509570433037854,0.0015962667736855107,0.0014828988338296866,0.0012353926154440777
132,0.000378053265434521,0.0001860010702982665,0.0021822110189521245,0.011710215859496392,0.005011626570176198,0.0025778393557445954,0.0026375981011079836,0.0022059225504489216
133,0.000609272860133289,0.0001527278843648214,0.0021016232773033226,0.015519921603100718,0.006934420569828079,0.001310012235758435,0.0015485186238634817,0.0008212533855261272
134,0.00031681304799136386,0.0002583750941544036,0.0014601387440666919,0.014276505887058463,0.006349217561224137,0.0021011575184023165,0.0014558787198813313,0.0003958419454438806
135,0.0003053656965094475,0.00016109125344855552,0.0009444981647280659,0.00790516626629889,0.0034930968372216785,0.0010976919361823578,0.0007436189630525542,0.0007142091179571869
136,0.00031981423123302066,0.0002346571516207467,0.00045488216880302525,0.012769858002011959,0.00465888180637301,0.0018794685884778383,0.0010891731480579209,0.00020222812356218033
137,0.0005577853035231918,0.0005740805829822231,0.0023099418709174838,0.02046542485576799,0.006621497032504489,0.0004666274721735437,0.0008625838001892072,0.0011911684014113274
138,0.00017139034597991103,0.00010876608032665094,0.0006025163422072389,0.01063302160202929,0.003782768304438667,0.0005897446533392431,0.0004793673391556922,0.00019617976944597633
139,0.0007214747349618765,0.00042658371420462927,0.0006404285714221509,0.008920757023708524,0.002595109534756046,0.0007945590343468928,0.0005769441439012464,0.0014575493969496921
140,0.00039746968842808056,0.000937048241127814,0.001103916173128867,0.010967727413460492,0.002912235617926778,0.0046514574548718055,0.0014399200231322636,0.0002954233131224623
141,0.0002163227452751885,0.00014342613692262552,0.001238510000042986,0.013363169072761683,0.005455630365426473,0.00015618860883455713,0.000363316902592578,0.0004700775031275986
142,0.0002309676735529031,0.00012838331750032302,0.001178450157924635,0.009517772067735296,0.003285471460861236,0.0006827684896454015,0.0007281468618052603,0.000508518131071078
143,9.87210774816551e-05,9.403031555728263e-05,0.000742694159185563,0.010798874398836226,0.0035449928730131833,0.001821271357700589,0.0007446942842189338,0.00017525563317905343
144,7.879742292449772e-05,0.0001419847754423358,0.0007557919687536495,0.013770951478048686,0.0034719030625277067,9.021212937719241e-05,0.00019539919790793458,0.00013630686459191466
145,0.0001333559924763832,0.00019948522364374958,0.0013093561778382888,0.007845010942284883,0.0032152768513318834,0.0020622218912038645,0.0012892885153397515,0.00047217645563711873
146,0.00016205560293780876,0.00012624691234942157,0.0009305682578817953,0.008671491747632733,0.00279503828907232,0.0035037198450878263,0.0018286155986131077,0.00036875099724424887
147,0.0004197171464251409,0.0001443547333629085,0.0026255708983646494,0.013477525952783311,0.006641553559193926,0.004733902900527449,0.003462163101145035,0.0014369896299388522
148,0.0007779036734496646,0.00033075239205791464,0.002532474404960095,0.016576602129714946,0.008569172412440047,0.001230042158112561,0.002004475959135343,0.0012598127277615163
149,0.00043653453879215193,0.00010208667917588743,0.0010363144276828266,0.01161890353102668,0.003562737220009333,0.0003324673534005475,0.000175495092421306,0.00037506353728070964
150,0.0005720350331826778,8.465746973918925e-05,0.00033993082438325237,0.009857036672532923,0.00220551662581301,0.0002233278945925914,0.0001876270330275391,0.0005467639993957843
151,0.00031572741537215466,0.00014021904563052466,0.0003675380106130046,0.006114562780787772,0.0011055253687071594,0.0003396714098920891,0.00012794488782590365,0.00030498659869682664
152,0.0006947302046277457,0.00012505098534260826,0.0016456436250622609,0.00790916588759746,0.003647159513692532,0.0008806010959433203,0.00075000424222015,0.000863326981755898
153,0.0003059427226560239,0.00012135685228491164,0.0005304150477458903,0.011406988518223169,0.003955242679136463,0.0018076925958500755,0.0007848899386990112,0.00037085669423073
154,0.0003681690864658879,0.00011416521114378269,0.000435956843828991,0.007801730438107035,0.00252760263607016,0.0018208560389758872,0.0006265707543481264,0.0002743072911705638
155,0.0001715121379166098,0.00011165458693493005,0.0009828365001166301,0.009488163884335604,0.003845239767681556,0.00036336243916794517,0.0008094683039986827,0.0011738646518336462
156,0.0001802563762052495,0.0011659249138886044,0.0013038035590396558,0.018083281578954516,0.007978044054509205,0.007807479531664331,0.00513013339903714,0.0009098904093580044
157,0.00017753504838646163,8.735766092303369e-05,0.0006596573595848051,0.01308219792106746,0.003919108181338532,0.00013162691940363,0.00025865560083187855,0.0003326084519832054
158,0.0004199645803775703,0.00023280982603947773,0.00027563728460838115,0.00961987426810078,0.0028222882600273526,0.0001601830589514655,0.00013628243173528968,0.00030261229912089576
159,0.00017253317544859778,0.00012456654719008068,0.0007964544086368069,0.016126543347654475,0.0039028844638287633,0.0006225365978909787,0.00022601710987035732,0.0003529087195908051
160,0.00012941190004517835,0.0002953257649039981,0.00020846796038633168,0.00934960073072142,0.003229885172144281,0.000494133296175007,0.0002703500893447494,0.0001686704319296765
161,0.00048071391842005893,0.0004917197524342779,0.0008862326683049571,0.01410608963122777,0.004076727678082827,0.00655884167123787,0.0007446682845781941,0.0010054071701107036
162,0.00039561141193553975,0.00033411226672938995,0.002048352284073635,0.020424814339178754,0.004463462583397155,0.0008966272206205394,0.0011875494891665046,0.0008141285363383754
163,0.0004578774565312036,0.00024189314248399733,0.0004113851441453056,0.011386942777504745,0.003879603315795027,0.0025144953456716673,0.0004973166541883859,0.0004030382459695261
164,0.0003497743091640898,0.0003203894504573668,0.000759154198840274,0.009806240677931921,0.004495247411407399,0.0007004635895394466,0.0004607725703563831,0.00029764555802430523
165,0.00036334284569276224,9.1383169237937e-05,0.002510121681116153,0.02180332296878892,0.007939164421823448,0.00027057046023182805,0.000826064194514091,0.0011619294113175563
166,0.0011043574035320743,0.0003135918707234405,0.0002772335938307675,0.012844330271086625,0.0036724766546418625,0.0011486025883086315,0.0005127238455347405,0.001245751734264741
167,0.00012389882057870554,5.863458518060918e-05,0.0005805889009263798,0.009443261178178215,0.003014929690191864,0.00019951496597003695,0.0001058297672888181,0.0002449212021356806
168,0.0006437601531441428,0.0011869326350446177,0.0021968563698553166,0.015234268138307335,0.007627107657965686,0.0024666583738417102,0.0026988964866383426,0.0024462427244596723
169,0.00018936060172455927,7.274946944976426e-05,0.0008731554231349369,0.008255673559700548,0.002550298198186658,0.00037132772995539335,0.00029789028047305313,0.0003382449462633042
170,0.0002519193796672579,0.00020242874703563178,0.0004468360367962391,0.022545757314374793,0.003385324099575493,0.0010583994076627645,0.0003024268480451323,0.00020127081292405829
171,0.00031645903197892087,0.0001274811398412682,0.001144024212664389,0.007281901031711641,0.002463706419272224,0.0024244018693306175,0.0013429975917062006,0.0007812562814509935
172,0.0002173801571792928,0.00023567887523505708,0.001267507729442422,0.007379193836934698,0.0026169036327028544,0.00021072635444784784,0.00041571759260287884,0.0003220411199003723
173,0.0003712571894751022,0.0001103934539519751,0.0008086185147177895,0.008572824560636731,0.0023013700549071037,0.0005128992059150124,0.00022332784427294615,0.00030814219428031993
174,0.0002795773174613969,0.00019964031489646817,0.0027477446095781,0.014032516769995637,0.007549260265646781,0.002988152212322325,0.0028379555080718225,0.0013529973473862013
175,0.0004308878731240881,0.0002512833781989828,0.0019946926804860865,0.0075472521775601506,0.003584442241950796,0.0003201614265386253,0.0005107163215328306,0.0007204682794820073
176,0.0005745754599617438,0.00042072875085023007,0.0008750745831275405,0.0177610636550907,0.005984993966412192,0.0038124673355755473,0.002210098155885319,0.00087135663428183
177,0.0003448961743288285,0.0010753207160692758,0.0004792300804459626,0.008409927421535535,0.002178560917170322,0.0015202438868127614,0.0004548366016514447,0.0008789497504812288
178,0.00016580378260825916,0.00011310031788774035,0.0007812078126904616,0.009702685592123582,0.003972491590298959,0.0023636489829576683,0.0012023858158916657,0.00033172324428977295
179,0.00029591959455397155,0.00013840947325955536,0.0004258212806842038,0.012835653228380867,0.0037158638728159972,0.001450334305557286,0.00034277928029611144,0.00022827609602437405
180,0.00032945943871188804,0.00015588184515281963,0.0013056593099899164,0.012523928133862428,0.005204299328144845,0.001343763138070944,0.000946262009247727,0.0005077442845391784
181,0.0004214302400086841,0.00015934449531317585,0.0010606710107961704,0.005822906480593429,0.0020338418173200434,0.0009906077883390814,0.0008974183871261965,0.0006914613977869788
182,0.0003171682294929192,9.312758796581173e-05,0.0013403037098205575,0.010483684093996304,0.004546387858737282,0.002313529669135407,0.0014702774387698597,0.0003267090438462544
183,0.0003237189645740793,0.0002914157937140796,0.0006386221860184424,0.012293666542321094,0.004230995617153404,0.001412456350697581,0.0009089037852422852,0.0004746076766855232
184,0.00027831452540868514,0.0001846980680658088,0.0008036095253828103,0.02022790283590159,0.002914050958495944,0.00027747280466114085,0.00020308078657984023,0.000300814474080524
185,0.0007314111254311515,0.00044255980604500627,0.0009901241802896961,0.012604797099119167,0.0031985371387212745,0.0008414533395713049,0.0011900481185558771,0.000468551912925796
186,0.0003332755066205559,0.0008582812763395947,0.0009708072284190202,0.012029853706722791,0.0036477652377795745,0.000450135442525444,0.0002918049960756485,0.0003971720241929113
187,0.0003129483871859657,0.0001923383275085829,0.00044848296845353296,0.013306529248654627,0.0024677552754974815,0.00045373773011366235,0.0004273003845095306,0.00012861060120278735
188,0.0001888071644761277,0.00014778039920939354,0.0015703452232437773,0.010862807483702695,0.006026203346109965,0.004982875921099135,0.0026828765723590645,0.0010507433985597978
189,0.00039726583607891774,0.0006964110156098237,0.0013808688549989067,0.008502470552274934,0.0032619993829010583,0.002590427162981898,0.0014463998007446255,0.0005925051401518668
190,0.00012609726948502377,7.954951548169739e-05,0.0017050752917635748,0.010826604381008504,0.005768738374405211,0.0014330092423669874,0.0012817065327983262,0.0010740307374007818
191,0.0001357685825476284,0.0002844319753407803,0.0009886867516653692,0.0117892423124096,0.0053007471049378516,0.002243826431154967,0.00018721834591915281,0.0004097504514208534
192,0.00033855898110637256,0.00023678026981658004,0.000501309654717631,0.025680847876854245,0.0030004079933361005,0.0003169620209531342,0.0002494919285151657,0.0002916120647571249
193,0.0001238285942489159,0.00015637620653573403,0.0011407140598522325,0.009007267068145997,0.005189821155646666,0.0019013388942536286,0.0014286711183821394,0.0003658847362322141
194,0.00020077981494151422,0.0001922822815379435,0.0005711243263078439,0.012463586682248073,0.003231828008898253,0.0013076639707915207,0.0003299284721837896,0.0003743183499860432
195,0.0002535731409010455,0.00012550228363195854,0.0011532898540135604,0.012599629463234317,0.005112008184216182,0.00218850165936037,0.0015225471643148083,0.00046737021018363487
196,0.0012323939793932785,0.00034329200712415454,0.00027817184383615245,0.014155929214203227,0.0029105076496540997,0.001486636862152547,0.00026580015195181426,0.001233126561894438
197,0.00010413159155066035,8.810552841274455e-05,0.0008067970887541343,0.009429019924710371,0.003082594880106918,0.004390111348368698,0.0018693151055595735,0.0002621446927913522
198,0.00014128189672397734,0.00013441055472210848,0.0005427033522777701,0.008089145716624935,0.002296116313918927,0.0029829961564183673,0.0013590758770996255,0.00013629103612149523
199,0.00038319784125590445,0.0006651213912881862,0.0017166187559544592,0.01264142575055847,0.005587076597105548,0.0011255884881982323,0.001102081874396513,0.0005825275212088277
